    usgs_subfault.strike = 206.96789306
   0.12977500000E+03  -0.45175000000E+01   5  -0.11081203E+02   0.13695624E+02   0.11957020E+04   0.97270124E+03
   0.12817800000E+03  -0.36910000000E+01   5  -0.35969874E+02   0.42132057E+02   0.26262475E+04   0.23565213E+04
   0.12989650000E+03  -0.45248000000E+01   5  -0.18410985E+02   0.22431223E+02   0.13159278E+04   0.10560837E+04
   0.12711300000E+03  -0.33815000000E+01   5  -0.20379451E+01   0.54109695E+01   0.34823736E+04   0.32376553E+04
   0.12855700000E+03  -0.35430000000E+01   5  -0.10571734E+02   0.14057556E+02   0.26807567E+04   0.25136772E+04
   0.12865700000E+03  -0.35760000000E+01   5  -0.36742807E+01   0.11808056E+02   0.24437817E+04   0.21102544E+04
   0.12856200000E+03  -0.35010000000E+01   5  -0.11140658E+02   0.13295767E+02   0.32484673E+04   0.29295170E+04
   0.12880700000E+03  -0.36455000000E+01   5  -0.37920384E+02   0.41570745E+02   0.20766432E+04   0.18349033E+04
   0.12892100000E+03  -0.33380000000E+01   5   0.24179146E+01   0.29462062E+01   0.24773932E+04   0.21399873E+04
    usgs_subfault.strike = 202.86951894
   0.12977500000E+03  -0.45175000000E+01   5  -0.10799751E+02   0.12878598E+02   0.13239589E+04   0.11059899E+04
   0.12817800000E+03  -0.36910000000E+01   5  -0.35942941E+02   0.40720192E+02   0.27882901E+04   0.25522404E+04
   0.12989650000E+03  -0.45248000000E+01   5  -0.18082951E+02   0.22106074E+02   0.14864169E+04   0.12391769E+04
   0.12711300000E+03  -0.33815000000E+01   5  -0.20274664E+01   0.47893006E+01   0.37364799E+04   0.34139603E+04
   0.12855700000E+03  -0.35430000000E+01   5  -0.10538813E+02   0.13568178E+02   0.28584302E+04   0.26970029E+04
   0.12865700000E+03  -0.35760000000E+01   5  -0.36376878E+01   0.10974544E+02   0.26259143E+04   0.23596532E+04
   0.12856200000E+03  -0.35010000000E+01   5  -0.11108682E+02   0.12884781E+02   0.34532566E+04   0.30369490E+04
   0.12880700000E+03  -0.36455000000E+01   5  -0.37876712E+02   0.40746615E+02   0.22071352E+04   0.19899969E+04
   0.12892100000E+03  -0.33380000000E+01   5   0.24543921E+01   0.19501666E+01   0.43834331E+04   0.24184636E+04
    usgs_subfault.length = 198658.59168435
   0.12977500000E+03  -0.45175000000E+01   5  -0.10798297E+02   0.12963329E+02   0.13111175E+04   0.11109712E+04
   0.12817800000E+03  -0.36910000000E+01   5  -0.35942170E+02   0.40715826E+02   0.27860659E+04   0.25541789E+04
   0.12989650000E+03  -0.45248000000E+01   5  -0.18081298E+02   0.22270852E+02   0.14892212E+04   0.12466337E+04
   0.12711300000E+03  -0.33815000000E+01   5  -0.20270477E+01   0.47942781E+01   0.37373137E+04   0.34121678E+04
   0.12855700000E+03  -0.35430000000E+01   5  -0.10537689E+02   0.13619249E+02   0.28555390E+04   0.26957100E+04
   0.12865700000E+03  -0.35760000000E+01   5  -0.36365010E+01   0.11081549E+02   0.26239752E+04   0.23622381E+04
   0.12856200000E+03  -0.35010000000E+01   5  -0.11107534E+02   0.12888918E+02   0.34583590E+04   0.30387969E+04
   0.12880700000E+03  -0.36455000000E+01   5  -0.37875433E+02   0.40788874E+02   0.22051962E+04   0.19938743E+04
   0.12892100000E+03  -0.33380000000E+01   5   0.24559119E+01   0.19439863E+01   0.43883712E+04   0.24204023E+04
    usgs_subfault.length = 194724.75818565
   0.12977500000E+03  -0.45175000000E+01   5  -0.10797840E+02   0.12940948E+02   0.13092452E+04   0.11109107E+04
   0.12817800000E+03  -0.36910000000E+01   5  -0.35942496E+02   0.40639626E+02   0.27847574E+04   0.25522404E+04
   0.12989650000E+03  -0.45248000000E+01   5  -0.18080610E+02   0.22235031E+02   0.14908511E+04   0.12465420E+04
   0.12711300000E+03  -0.33815000000E+01   5  -0.20273379E+01   0.47501957E+01   0.37360325E+04   0.34119624E+04
   0.12855700000E+03  -0.35430000000E+01   5  -0.10537988E+02   0.13575682E+02   0.28567923E+04   0.26957103E+04
   0.12865700000E+03  -0.35760000000E+01   5  -0.36367933E+01   0.11017527E+02   0.26239754E+04   0.23622383E+04
   0.12856200000E+03  -0.35010000000E+01   5  -0.11107830E+02   0.12878267E+02   0.34512336E+04   0.30386783E+04
   0.12880700000E+03  -0.36455000000E+01   5  -0.37875710E+02   0.40755829E+02   0.22051963E+04   0.19938744E+04
   0.12892100000E+03  -0.33380000000E+01   5   0.24556703E+01   0.18728599E+01   0.27466041E+04   0.24223413E+04
    usgs_subfault.width = 122065.28678994
   0.12977500000E+03  -0.45175000000E+01   5  -0.10798927E+02   0.12951886E+02   0.13086801E+04   0.11090162E+04
   0.12817800000E+03  -0.36910000000E+01   5  -0.35942207E+02   0.40679600E+02   0.27834483E+04   0.25503014E+04
   0.12989650000E+03  -0.45248000000E+01   5  -0.18082054E+02   0.22246885E+02   0.14879298E+04   0.12445678E+04
   0.12711300000E+03  -0.33815000000E+01   5  -0.20270583E+01   0.47723610E+01   0.37343497E+04   0.34082314E+04
   0.12855700000E+03  -0.35430000000E+01   5  -0.10537741E+02   0.13593730E+02   0.28540987E+04   0.26931251E+04
   0.12865700000E+03  -0.35760000000E+01   5  -0.36365594E+01   0.11040278E+02   0.26220364E+04   0.23602993E+04
   0.12856200000E+03  -0.35010000000E+01   5  -0.11107584E+02   0.12892175E+02   0.34509306E+04   0.30370368E+04
   0.12880700000E+03  -0.36455000000E+01   5  -0.37875505E+02   0.40775813E+02   0.22032574E+04   0.19899968E+04
   0.12892100000E+03  -0.33380000000E+01   5   0.24558480E+01   0.19865496E+01   0.43866358E+04   0.24184635E+04
    usgs_subfault.width = 119648.15239806
   0.12977500000E+03  -0.45175000000E+01   5  -0.10797229E+02   0.12951930E+02   0.13132350E+04   0.11124891E+04
   0.12817800000E+03  -0.36910000000E+01   5  -0.35942460E+02   0.40677664E+02   0.27885164E+04   0.25561179E+04
   0.12989650000E+03  -0.45248000000E+01   5  -0.18079877E+02   0.22256062E+02   0.14923606E+04   0.12495060E+04
   0.12711300000E+03  -0.33815000000E+01   5  -0.20273277E+01   0.47722362E+01   0.37385186E+04   0.34140985E+04
   0.12855700000E+03  -0.35430000000E+01   5  -0.10537939E+02   0.13602080E+02   0.28578779E+04   0.26982953E+04
   0.12865700000E+03  -0.35760000000E+01   5  -0.36367367E+01   0.11053925E+02   0.26259141E+04   0.23661159E+04
   0.12856200000E+03  -0.35010000000E+01   5  -0.11107782E+02   0.12880457E+02   0.34568169E+04   0.30410285E+04
   0.12880700000E+03  -0.36455000000E+01   5  -0.37875641E+02   0.40771528E+02   0.22071351E+04   0.19958132E+04
   0.12892100000E+03  -0.33380000000E+01   5   0.24557323E+01   0.19454626E+01   0.43893325E+04   0.24223412E+04
    usgs_subfault.depth = 28280.01299476
   0.12977500000E+03  -0.45175000000E+01   5  -0.10799324E+02   0.12947654E+02   0.13110968E+04   0.11114514E+04
   0.12817800000E+03  -0.36910000000E+01   5  -0.35942551E+02   0.40670779E+02   0.27860660E+04   0.25522402E+04
   0.12989650000E+03  -0.45248000000E+01   5  -0.18082367E+02   0.22242922E+02   0.14903120E+04   0.12471654E+04
   0.12711300000E+03  -0.33815000000E+01   5  -0.20273003E+01   0.47725450E+01   0.37363350E+04   0.34119339E+04
   0.12855700000E+03  -0.35430000000E+01   5  -0.10538091E+02   0.13589814E+02   0.28567921E+04   0.26957102E+04
   0.12865700000E+03  -0.35760000000E+01   5  -0.36369196E+01   0.11038355E+02   0.26239753E+04   0.23622382E+04
   0.12856200000E+03  -0.35010000000E+01   5  -0.11107929E+02   0.12877759E+02   0.34598460E+04   0.30386972E+04
   0.12880700000E+03  -0.36455000000E+01   5  -0.37875882E+02   0.40767476E+02   0.22051962E+04   0.19938743E+04
   0.12892100000E+03  -0.33380000000E+01   5   0.24555239E+01   0.19124826E+01   0.27479295E+04   0.24204023E+04
    usgs_subfault.depth = 27720.01175724
   0.12977500000E+03  -0.45175000000E+01   5  -0.10796813E+02   0.12956806E+02   0.13104423E+04   0.11105840E+04
   0.12817800000E+03  -0.36910000000E+01   5  -0.35942114E+02   0.40685164E+02   0.27860660E+04   0.25522403E+04
   0.12989650000E+03  -0.45248000000E+01   5  -0.18079541E+02   0.22262828E+02   0.14903338E+04   0.12465034E+04
   0.12711300000E+03  -0.33815000000E+01   5  -0.20270852E+01   0.47722942E+01   0.37360808E+04   0.34122134E+04
   0.12855700000E+03  -0.35430000000E+01   5  -0.10537586E+02   0.13606086E+02   0.28555391E+04   0.26957102E+04
   0.12865700000E+03  -0.35760000000E+01   5  -0.36363745E+01   0.11057913E+02   0.26239753E+04   0.23622382E+04
   0.12856200000E+03  -0.35010000000E+01   5  -0.11107435E+02   0.12890140E+02   0.34514904E+04   0.30387703E+04
   0.12880700000E+03  -0.36455000000E+01   5  -0.37875261E+02   0.40778421E+02   0.22032575E+04   0.19938744E+04
   0.12892100000E+03  -0.33380000000E+01   5   0.24560583E+01   0.20000966E+01   0.43831673E+04   0.24204024E+04
    usgs_subfault.slip = 13.37225355
   0.12977500000E+03  -0.45175000000E+01   5  -0.10798313E+02   0.12973158E+02   0.13102373E+04   0.11096624E+04
   0.12817800000E+03  -0.36910000000E+01   5  -0.35942153E+02   0.40724178E+02   0.27860651E+04   0.25522395E+04
   0.12989650000E+03  -0.45248000000E+01   5  -0.18081327E+02   0.22294900E+02   0.14892316E+04   0.12466357E+04
   0.12711300000E+03  -0.33815000000E+01   5  -0.20270384E+01   0.47983942E+01   0.37364999E+04   0.34105482E+04
   0.12855700000E+03  -0.35430000000E+01   5  -0.10537675E+02   0.13629301E+02   0.28555383E+04   0.26944168E+04
   0.12865700000E+03  -0.35760000000E+01   5  -0.36364862E+01   0.11095170E+02   0.26239745E+04   0.23622376E+04
   0.12856200000E+03  -0.35010000000E+01   5  -0.11107521E+02   0.12916525E+02   0.34515716E+04   0.30374543E+04
   0.12880700000E+03  -0.36455000000E+01   5  -0.37875417E+02   0.40799583E+02   0.22032570E+04   0.19938741E+04
   0.12892100000E+03  -0.33380000000E+01   5   0.24559203E+01   0.19862834E+01   0.43855125E+04   0.24184629E+04
    usgs_subfault.slip = 13.10745645
   0.12977500000E+03  -0.45175000000E+01   5  -0.10797824E+02   0.12930489E+02   0.13104712E+04   0.11109114E+04
   0.12817800000E+03  -0.36910000000E+01   5  -0.35942512E+02   0.40631792E+02   0.27860669E+04   0.25541798E+04
   0.12989650000E+03  -0.45248000000E+01   5  -0.18080582E+02   0.22210224E+02   0.14908200E+04   0.12465199E+04
   0.12711300000E+03  -0.33815000000E+01   5  -0.20273470E+01   0.47466281E+01   0.37364105E+04   0.34118815E+04
   0.12855700000E+03  -0.35430000000E+01   5  -0.10538002E+02   0.13570108E+02   0.28567930E+04   0.26970036E+04
   0.12865700000E+03  -0.35760000000E+01   5  -0.36368077E+01   0.11003797E+02   0.26239761E+04   0.23622388E+04
   0.12856200000E+03  -0.35010000000E+01   5  -0.11107843E+02   0.12875224E+02   0.34511460E+04   0.30400148E+04
   0.12880700000E+03  -0.36455000000E+01   5  -0.37875726E+02   0.40748389E+02   0.22051967E+04   0.19938745E+04
   0.12892100000E+03  -0.33380000000E+01   5   0.24556622E+01   0.18635575E+01   0.27466048E+04   0.24223418E+04
    usgs_subfault.rake = 90.9
   0.12977500000E+03  -0.45175000000E+01   5  -0.10798307E+02   0.12944774E+02   0.13106843E+04   0.11108873E+04
   0.12817800000E+03  -0.36910000000E+01   5  -0.35942467E+02   0.40679833E+02   0.27858988E+04   0.25522403E+04
   0.12989650000E+03  -0.45248000000E+01   5  -0.18081197E+02   0.22238198E+02   0.14892382E+04   0.12454550E+04
   0.12711300000E+03  -0.33815000000E+01   5  -0.20272497E+01   0.47745021E+01   0.37363774E+04   0.34117066E+04
   0.12855700000E+03  -0.35430000000E+01   5  -0.10538060E+02   0.13594490E+02   0.28566249E+04   0.26957103E+04
   0.12865700000E+03  -0.35760000000E+01   5  -0.36368829E+01   0.11038479E+02   0.26239754E+04   0.23622383E+04
   0.12856200000E+03  -0.35010000000E+01   5  -0.11107909E+02   0.12891502E+02   0.34510023E+04   0.30384969E+04
   0.12880700000E+03  -0.36455000000E+01   5  -0.37875829E+02   0.40770018E+02   0.22051963E+04   0.19938744E+04
   0.12892100000E+03  -0.33380000000E+01   5   0.24554713E+01   0.19678029E+01   0.43852480E+04   0.24204024E+04
    usgs_subfault.rake = 89.1
   0.12977500000E+03  -0.45175000000E+01   5  -0.10797824E+02   0.12958716E+02   0.13107815E+04   0.11114123E+04
   0.12817800000E+03  -0.36910000000E+01   5  -0.35942203E+02   0.40675238E+02   0.27860659E+04   0.25522402E+04
   0.12989650000E+03  -0.45248000000E+01   5  -0.18080702E+02   0.22264893E+02   0.14911932E+04   0.12469571E+04
   0.12711300000E+03  -0.33815000000E+01   5  -0.20271395E+01   0.47699214E+01   0.37362132E+04   0.34105275E+04
   0.12855700000E+03  -0.35430000000E+01   5  -0.10537622E+02   0.13600081E+02   0.28567920E+04   0.26957101E+04
   0.12865700000E+03  -0.35760000000E+01   5  -0.36364150E+01   0.11058343E+02   0.26239752E+04   0.23622381E+04
   0.12856200000E+03  -0.35010000000E+01   5  -0.11107459E+02   0.12876662E+02   0.34583903E+04   0.30388072E+04
   0.12880700000E+03  -0.36455000000E+01   5  -0.37875318E+02   0.40776740E+02   0.22051962E+04   0.19938743E+04
   0.12892100000E+03  -0.33380000000E+01   5   0.24561080E+01   0.19158377E+01   0.27479294E+04   0.24204023E+04
    usgs_subfault.dip = 22.5645009
   0.12817800000E+03  -0.36910000000E+01   5  -0.35942166E+02   0.40692681E+02   0.27848249E+04   0.25522412E+04
   0.12989650000E+03  -0.45248000000E+01   5  -0.18080767E+02   0.22258908E+02   0.14898354E+04   0.12448568E+04
   0.12711300000E+03  -0.33815000000E+01   5  -0.20270628E+01   0.47771672E+01   0.37348819E+04   0.34105070E+04
   0.12855700000E+03  -0.35430000000E+01   5  -0.10537676E+02   0.13603525E+02   0.28566058E+04   0.26944188E+04
   0.12865700000E+03  -0.35760000000E+01   5  -0.36364825E+01   0.11053666E+02   0.26239763E+04   0.23603001E+04
   0.12856200000E+03  -0.35010000000E+01   5  -0.11107522E+02   0.12898134E+02   0.34515176E+04   0.30359917E+04
   0.12880700000E+03  -0.36455000000E+01   5  -0.37875403E+02   0.40790952E+02   0.22051967E+04   0.19919358E+04
   0.12892100000E+03  -0.33380000000E+01   5   0.24559340E+01   0.20389199E+01   0.43839486E+04   0.24184643E+04
    usgs_subfault.dip = 22.1176791
   0.12977500000E+03  -0.45175000000E+01   5  -0.10798259E+02   0.12945101E+02   0.13105561E+04   0.11110363E+04
   0.12817800000E+03  -0.36910000000E+01   5  -0.35942500E+02   0.40662630E+02   0.27858976E+04   0.25541781E+04
   0.12989650000E+03  -0.45248000000E+01   5  -0.18081135E+02   0.22244712E+02   0.14908840E+04   0.12479573E+04
   0.12711300000E+03  -0.33815000000E+01   5  -0.20273235E+01   0.47676586E+01   0.37379411E+04   0.34129598E+04
   0.12855700000E+03  -0.35430000000E+01   5  -0.10538002E+02   0.13591967E+02   0.28566238E+04   0.26970016E+04
   0.12865700000E+03  -0.35760000000E+01   5  -0.36368121E+01   0.11042197E+02   0.26239742E+04   0.23641763E+04
   0.12856200000E+03  -0.35010000000E+01   5  -0.11107843E+02   0.12885244E+02   0.34522041E+04   0.30413396E+04
   0.12880700000E+03  -0.36455000000E+01   5  -0.37875740E+02   0.40756477E+02   0.22051957E+04   0.19958128E+04
   0.12892100000E+03  -0.33380000000E+01   5   0.24556480E+01   0.18882296E+01   0.27492119E+04   0.24223404E+04
    usgs_subfault.longitude = 132.86752
   0.12977500000E+03  -0.45175000000E+01   5  -0.10754791E+02   0.11185126E+02   0.34638234E+04  -0.99999000E+99
   0.12817800000E+03  -0.36910000000E+01   5  -0.35944851E+02   0.36419120E+02   0.49905277E+04  -0.99999000E+99
   0.12989650000E+03  -0.45248000000E+01   5  -0.18025465E+02   0.18796006E+02   0.35775458E+04   0.27049747E+04
   0.12711300000E+03  -0.33815000000E+01   5  -0.20305980E+01   0.26114008E+01   0.50847866E+04   0.49374133E+04
   0.12855700000E+03  -0.35430000000E+01   5  -0.10538055E+02   0.11204593E+02   0.50627199E+04   0.41588110E+04
   0.12865700000E+03  -0.35760000000E+01   5  -0.36362228E+01   0.45257134E+01   0.39722643E+04   0.30716919E+04
   0.12856200000E+03  -0.35010000000E+01   5  -0.11107765E+02   0.11622810E+02   0.47239326E+04   0.46193882E+04
   0.12880700000E+03  -0.36455000000E+01   5  -0.37873971E+02   0.38618772E+02   0.35181112E+04   0.32524894E+04
   0.12892100000E+03  -0.33380000000E+01   5   0.24590873E+01   0.00000000E+00   0.70791416E+03  -0.99999000E+99
    usgs_subfault.longitude = 130.23648
   0.12977500000E+03  -0.45175000000E+01   5  -0.11149409E+02   0.12625531E+02   0.97975455E+03   0.62077606E+03
   0.12817800000E+03  -0.36910000000E+01   5  -0.35955014E+02   0.40356383E+02   0.21887547E+04   0.19299629E+04
   0.12989650000E+03  -0.45248000000E+01   5  -0.18445263E+02   0.20879710E+02   0.10928356E+04   0.79093360E+03
   0.12711300000E+03  -0.33815000000E+01   5  -0.20266451E+01   0.52671712E+01   0.31065064E+04   0.27884629E+04
   0.12855700000E+03  -0.35430000000E+01   5  -0.10559485E+02   0.14707056E+02   0.31360206E+04   0.21201329E+04
   0.12865700000E+03  -0.35760000000E+01   5  -0.36619613E+01   0.10445739E+02   0.29524957E+04   0.18000000E+04
   0.12856200000E+03  -0.35010000000E+01   5  -0.11128915E+02   0.12597316E+02   0.27820610E+04   0.25271290E+04
   0.12880700000E+03  -0.36455000000E+01   5  -0.37907796E+02   0.40407004E+02   0.17697648E+04   0.14788136E+04
   0.12892100000E+03  -0.33380000000E+01   5   0.24265497E+01   0.67186248E+00   0.22830180E+04   0.19965597E+04
    usgs_subfault.latitude = -5.9741096
   0.12977500000E+03  -0.45175000000E+01   5  -0.10795305E+02   0.12893837E+02   0.13299212E+04   0.11260859E+04
   0.12817800000E+03  -0.36910000000E+01   5  -0.35942583E+02   0.40623398E+02   0.27948364E+04   0.25638753E+04
   0.12989650000E+03  -0.45248000000E+01   5  -0.18077192E+02   0.22082435E+02   0.15039326E+04   0.12624021E+04
   0.12711300000E+03  -0.33815000000E+01   5  -0.20273590E+01   0.47382308E+01   0.37454323E+04   0.34228874E+04
   0.12855700000E+03  -0.35430000000E+01   5  -0.10538150E+02   0.13557774E+02   0.28698697E+04   0.27099431E+04
   0.12865700000E+03  -0.35760000000E+01   5  -0.36369530E+01   0.10989025E+02   0.26336717E+04   0.23777504E+04
   0.12856200000E+03  -0.35010000000E+01   5  -0.11108001E+02   0.12850273E+02   0.34620305E+04   0.30554552E+04
   0.12880700000E+03  -0.36455000000E+01   5  -0.37875854E+02   0.40691526E+02   0.22168304E+04   0.20093851E+04
   0.12892100000E+03  -0.33380000000E+01   5   0.24554570E+01   0.17879534E+01   0.27621196E+04   0.24417311E+04
    usgs_subfault.latitude = -5.8558104
   0.12977500000E+03  -0.45175000000E+01   5  -0.10801075E+02   0.13015388E+02   0.12896789E+04   0.10955663E+04
   0.12817800000E+03  -0.36910000000E+01   5  -0.35942096E+02   0.40723213E+02   0.27782121E+04   0.25425448E+04
   0.12989650000E+03  -0.45248000000E+01   5  -0.18085042E+02   0.22412201E+02   0.14764254E+04   0.12311855E+04
   0.12711300000E+03  -0.33815000000E+01   5  -0.20270335E+01   0.48011100E+01   0.37283233E+04   0.34006867E+04
   0.12855700000E+03  -0.35430000000E+01   5  -0.10537540E+02   0.13622654E+02   0.28437285E+04   0.26814906E+04
   0.12865700000E+03  -0.35760000000E+01   5  -0.36363547E+01   0.11109778E+02   0.26123409E+04   0.23486656E+04
   0.12856200000E+03  -0.35010000000E+01   5  -0.11107374E+02   0.12931540E+02   0.34416378E+04   0.30226774E+04
   0.12880700000E+03  -0.36455000000E+01   5  -0.37875307E+02   0.40849398E+02   0.21916240E+04   0.19764252E+04
   0.12892100000E+03  -0.33380000000E+01   5   0.24561166E+01   0.21476066E+01   0.43965854E+04   0.24010132E+04
