usgs_subfault.latitude = -5.915551496
   0.12977500000E+03  -0.45175000000E+01   5  -0.11079981E+02   0.13657735E+02   0.11937653E+04   0.87381222E+03
   0.12817800000E+03  -0.36910000000E+01   5  -0.35970238E+02   0.42170476E+02   0.26257169E+04   0.23002885E+04
   0.12989650000E+03  -0.45248000000E+01   5  -0.18409113E+02   0.22288937E+02   0.13120522E+04   0.99403320E+03
   0.12711300000E+03  -0.33815000000E+01   5  -0.20381205E+01   0.54592172E+01   0.34830460E+04   0.31511770E+04
   0.12855700000E+03  -0.35430000000E+01   5  -0.10572291E+02   0.14055441E+02   0.26802774E+04   0.24580038E+04
   0.12865700000E+03  -0.35760000000E+01   5  -0.36748354E+01   0.11758346E+02   0.24418444E+04   0.20656557E+04
   0.12856200000E+03  -0.35010000000E+01   5  -0.11141240E+02   0.13277485E+02   0.32503275E+04   0.27919421E+04
   0.12880700000E+03  -0.36455000000E+01   5  -0.37920904E+02   0.41515061E+02   0.20714730E+04   0.17502899E+04
   0.12892100000E+03  -0.33380000000E+01   5   0.24171996E+01   0.28751292E+01   0.24786879E+04   0.21412811E+04
usgs_subfault.latitude = -5.914368504
   0.12977500000E+03  -0.45175000000E+01   5  -0.11080416E+02   0.13657984E+02   0.11937655E+04   0.87381239E+03
   0.12817800000E+03  -0.36910000000E+01   5  -0.35970252E+02   0.42171347E+02   0.26257165E+04   0.23002886E+04
   0.12989650000E+03  -0.45248000000E+01   5  -0.18409661E+02   0.22291528E+02   0.13120525E+04   0.99403340E+03
   0.12711300000E+03  -0.33815000000E+01   5  -0.20381223E+01   0.54588063E+01   0.34830604E+04   0.31511933E+04
   0.12855700000E+03  -0.35430000000E+01   5  -0.10572313E+02   0.14055764E+02   0.26802765E+04   0.24580039E+04
   0.12865700000E+03  -0.35760000000E+01   5  -0.36748627E+01   0.11757163E+02   0.24418445E+04   0.20656557E+04
   0.12856200000E+03  -0.35010000000E+01   5  -0.11141261E+02   0.13276059E+02   0.32503510E+04   0.27919388E+04
   0.12880700000E+03  -0.36455000000E+01   5  -0.37920941E+02   0.41516076E+02   0.20714731E+04   0.17483512E+04
   0.12892100000E+03  -0.33380000000E+01   5   0.24171680E+01   0.28760190E+01   0.24786880E+04   0.21412812E+04
usgs_subfault.longitude = 131.5651552
   0.12977500000E+03  -0.45175000000E+01   5  -0.11074451E+02   0.13652573E+02   0.11976359E+04   0.88156183E+03
   0.12817800000E+03  -0.36910000000E+01   5  -0.35969939E+02   0.42143892E+02   0.26309120E+04   0.23061031E+04
   0.12989650000E+03  -0.45248000000E+01   5  -0.18402725E+02   0.22295659E+02   0.13178614E+04   0.99790485E+03
   0.12711300000E+03  -0.33815000000E+01   5  -0.20380552E+01   0.54481359E+01   0.34885504E+04   0.31582587E+04
   0.12855700000E+03  -0.35430000000E+01   5  -0.10571894E+02   0.14047443E+02   0.26867029E+04   0.24651102E+04
   0.12865700000E+03  -0.35760000000E+01   5  -0.36743823E+01   0.11749599E+02   0.24476581E+04   0.20734105E+04
   0.12856200000E+03  -0.35010000000E+01   5  -0.11140857E+02   0.13300098E+02   0.32519937E+04   0.27963472E+04
   0.12880700000E+03  -0.36455000000E+01   5  -0.37920340E+02   0.41521496E+02   0.20792278E+04   0.17541570E+04
   0.12892100000E+03  -0.33380000000E+01   5   0.24176471E+01   0.28904876E+01   0.24851478E+04   0.21451573E+04
usgs_subfault.longitude = 131.5388448
   0.12977500000E+03  -0.45175000000E+01   5  -0.11086039E+02   0.13653426E+02   0.11898949E+04   0.86606290E+03
   0.12817800000E+03  -0.36910000000E+01   5  -0.35970555E+02   0.42195462E+02   0.26207093E+04   0.22944740E+04
   0.12989650000E+03  -0.45248000000E+01   5  -0.18416144E+02   0.22291265E+02   0.13068897E+04   0.98822278E+03
   0.12711300000E+03  -0.33815000000E+01   5  -0.20381888E+01   0.54688598E+01   0.34769794E+04   0.31457588E+04
   0.12855700000E+03  -0.35430000000E+01   5  -0.10572716E+02   0.14072007E+02   0.26779263E+04   0.24528366E+04
   0.12865700000E+03  -0.35760000000E+01   5  -0.36753221E+01   0.11758517E+02   0.24379698E+04   0.20598400E+04
   0.12856200000E+03  -0.35010000000E+01   5  -0.11141649E+02   0.13286868E+02   0.32412573E+04   0.27866667E+04
   0.12880700000E+03  -0.36455000000E+01   5  -0.37921512E+02   0.41515098E+02   0.20675965E+04   0.17444841E+04
   0.12892100000E+03  -0.33380000000E+01   5   0.24167156E+01   0.28585981E+01   0.24748135E+04   0.21361121E+04
usgs_subfault.length = 196691.87162667493
   0.12977500000E+03  -0.45175000000E+01   5  -0.11080199E+02   0.13657687E+02   0.11937654E+04   0.87381230E+03
   0.12817800000E+03  -0.36910000000E+01   5  -0.35970245E+02   0.42170961E+02   0.26257167E+04   0.23002886E+04
   0.12989650000E+03  -0.45248000000E+01   5  -0.18409387E+02   0.22290247E+02   0.13120523E+04   0.99403330E+03
   0.12711300000E+03  -0.33815000000E+01   5  -0.20381214E+01   0.54590083E+01   0.34830541E+04   0.31511852E+04
   0.12855700000E+03  -0.35430000000E+01   5  -0.10572302E+02   0.14055622E+02   0.26802770E+04   0.24580039E+04
   0.12865700000E+03  -0.35760000000E+01   5  -0.36748491E+01   0.11758688E+02   0.24418445E+04   0.20656557E+04
   0.12856200000E+03  -0.35010000000E+01   5  -0.11141251E+02   0.13276882E+02   0.32503393E+04   0.27919405E+04
   0.12880700000E+03  -0.36455000000E+01   5  -0.37920922E+02   0.41515684E+02   0.20714730E+04   0.17502901E+04
   0.12892100000E+03  -0.33380000000E+01   5   0.24171838E+01   0.28759647E+01   0.24786879E+04   0.21412811E+04
usgs_subfault.length = 196691.47824332505
   0.12977500000E+03  -0.45175000000E+01   5  -0.11080198E+02   0.13657683E+02   0.11937654E+04   0.87381230E+03
   0.12817800000E+03  -0.36910000000E+01   5  -0.35970245E+02   0.42170950E+02   0.26257167E+04   0.23002886E+04
   0.12989650000E+03  -0.45248000000E+01   5  -0.18409387E+02   0.22290243E+02   0.13120523E+04   0.99403330E+03
   0.12711300000E+03  -0.33815000000E+01   5  -0.20381214E+01   0.54590021E+01   0.34830539E+04   0.31511851E+04
   0.12855700000E+03  -0.35430000000E+01   5  -0.10572302E+02   0.14055616E+02   0.26802770E+04   0.24580039E+04
   0.12865700000E+03  -0.35760000000E+01   5  -0.36748491E+01   0.11758678E+02   0.24418445E+04   0.20656557E+04
   0.12856200000E+03  -0.35010000000E+01   5  -0.11141251E+02   0.13276878E+02   0.32503392E+04   0.27919404E+04
   0.12880700000E+03  -0.36455000000E+01   5  -0.37920922E+02   0.41515678E+02   0.20714730E+04   0.17502901E+04
   0.12892100000E+03  -0.33380000000E+01   5   0.24171838E+01   0.28759558E+01   0.24786879E+04   0.21412811E+04
usgs_subfault.width = 120857.92816119593
   0.12977500000E+03  -0.45175000000E+01   5  -0.11080207E+02   0.13657677E+02   0.11937654E+04   0.87381231E+03
   0.12817800000E+03  -0.36910000000E+01   5  -0.35970245E+02   0.42170945E+02   0.26257168E+04   0.23002886E+04
   0.12989650000E+03  -0.45248000000E+01   5  -0.18409397E+02   0.22290206E+02   0.13120523E+04   0.99403330E+03
   0.12711300000E+03  -0.33815000000E+01   5  -0.20381215E+01   0.54590138E+01   0.34830551E+04   0.31511858E+04
   0.12855700000E+03  -0.35430000000E+01   5  -0.10572303E+02   0.14055609E+02   0.26802770E+04   0.24580039E+04
   0.12865700000E+03  -0.35760000000E+01   5  -0.36748500E+01   0.11758650E+02   0.24418445E+04   0.20656557E+04
   0.12856200000E+03  -0.35010000000E+01   5  -0.11141251E+02   0.13276880E+02   0.32503402E+04   0.27919407E+04
   0.12880700000E+03  -0.36455000000E+01   5  -0.37920923E+02   0.41515681E+02   0.20714730E+04   0.17502901E+04
   0.12892100000E+03  -0.33380000000E+01   5   0.24171828E+01   0.28759858E+01   0.24786879E+04   0.21412811E+04
usgs_subfault.width = 120855.51102680406
   0.12977500000E+03  -0.45175000000E+01   5  -0.11080190E+02   0.13657693E+02   0.11937654E+04   0.87381230E+03
   0.12817800000E+03  -0.36910000000E+01   5  -0.35970244E+02   0.42170965E+02   0.26257167E+04   0.23002886E+04
   0.12989650000E+03  -0.45248000000E+01   5  -0.18409377E+02   0.22290284E+02   0.13120523E+04   0.99403330E+03
   0.12711300000E+03  -0.33815000000E+01   5  -0.20381213E+01   0.54589966E+01   0.34830529E+04   0.31511845E+04
   0.12855700000E+03  -0.35430000000E+01   5  -0.10572301E+02   0.14055651E+02   0.26802769E+04   0.24580039E+04
   0.12865700000E+03  -0.35760000000E+01   5  -0.36748481E+01   0.11758712E+02   0.24418445E+04   0.20656557E+04
   0.12856200000E+03  -0.35010000000E+01   5  -0.11141250E+02   0.13276880E+02   0.32503383E+04   0.27919402E+04
   0.12880700000E+03  -0.36455000000E+01   5  -0.37920921E+02   0.41515680E+02   0.20714730E+04   0.17502900E+04
   0.12892100000E+03  -0.33380000000E+01   5   0.24171847E+01   0.28759345E+01   0.24786879E+04   0.21412811E+04
usgs_subfault.slip = 13.253094855
   0.12977500000E+03  -0.45175000000E+01   5  -0.11080505E+02   0.13660534E+02   0.11937653E+04   0.87381219E+03
   0.12817800000E+03  -0.36910000000E+01   5  -0.35970255E+02   0.42177064E+02   0.26257174E+04   0.23002886E+04
   0.12989650000E+03  -0.45248000000E+01   5  -0.18409753E+02   0.22294479E+02   0.13120523E+04   0.99403319E+03
   0.12711300000E+03  -0.33815000000E+01   5  -0.20381169E+01   0.54622092E+01   0.34830875E+04   0.31512017E+04
   0.12855700000E+03  -0.35430000000E+01   5  -0.10572320E+02   0.14058903E+02   0.26802787E+04   0.24580039E+04
   0.12865700000E+03  -0.35760000000E+01   5  -0.36748712E+01   0.11763696E+02   0.24418445E+04   0.20656557E+04
   0.12856200000E+03  -0.35010000000E+01   5  -0.11141268E+02   0.13278317E+02   0.32503668E+04   0.27919451E+04
   0.12880700000E+03  -0.36455000000E+01   5  -0.37920952E+02   0.41519088E+02   0.20695339E+04   0.17483509E+04
   0.12892100000E+03  -0.33380000000E+01   5   0.24171581E+01   0.28801438E+01   0.24786880E+04   0.21412811E+04
usgs_subfault.slip = 13.226615145
   0.12977500000E+03  -0.45175000000E+01   5  -0.11079892E+02   0.13654835E+02   0.11937655E+04   0.87381242E+03
   0.12817800000E+03  -0.36910000000E+01   5  -0.35970235E+02   0.42164699E+02   0.26257161E+04   0.23002886E+04
   0.12989650000E+03  -0.45248000000E+01   5  -0.18409021E+02   0.22286007E+02   0.13120524E+04   0.99403341E+03
   0.12711300000E+03  -0.33815000000E+01   5  -0.20381259E+01   0.54557256E+01   0.34830215E+04   0.31511686E+04
   0.12855700000E+03  -0.35430000000E+01   5  -0.10572284E+02   0.14052146E+02   0.26802752E+04   0.24580038E+04
   0.12865700000E+03  -0.35760000000E+01   5  -0.36748270E+01   0.11752817E+02   0.24418444E+04   0.20656557E+04
   0.12856200000E+03  -0.35010000000E+01   5  -0.11141233E+02   0.13274961E+02   0.32503127E+04   0.27919358E+04
   0.12880700000E+03  -0.36455000000E+01   5  -0.37920892E+02   0.41512780E+02   0.20695339E+04   0.17502901E+04
   0.12892100000E+03  -0.33380000000E+01   5   0.24172095E+01   0.28708025E+01   0.24786879E+04   0.21412811E+04
usgs_subfault.strike = 205.123624706
   0.12977500000E+03  -0.45175000000E+01   5  -0.11080316E+02   0.13662338E+02   0.11937651E+04   0.87381209E+03
   0.12817800000E+03  -0.36910000000E+01   5  -0.35970203E+02   0.42167763E+02   0.26262168E+04   0.23002884E+04
   0.12989650000E+03  -0.45248000000E+01   5  -0.18409573E+02   0.22304295E+02   0.13120520E+04   0.99403307E+03
   0.12711300000E+03  -0.33815000000E+01   5  -0.20380996E+01   0.54546842E+01   0.34827275E+04   0.31516737E+04
   0.12855700000E+03  -0.35430000000E+01   5  -0.10572242E+02   0.14058085E+02   0.26807009E+04   0.24580037E+04
   0.12865700000E+03  -0.35760000000E+01   5  -0.36747889E+01   0.11763754E+02   0.24418442E+04   0.20675947E+04
   0.12856200000E+03  -0.35010000000E+01   5  -0.11141188E+02   0.13291817E+02   0.32472243E+04   0.27916909E+04
   0.12880700000E+03  -0.36455000000E+01   5  -0.37920865E+02   0.41521808E+02   0.20714730E+04   0.17502896E+04
   0.12892100000E+03  -0.33380000000E+01   5   0.24172591E+01   0.28823654E+01   0.24786877E+04   0.21412810E+04
usgs_subfault.strike = 204.71378729399999
   0.12977500000E+03  -0.45175000000E+01   5  -0.11080077E+02   0.13652144E+02   0.11918266E+04   0.87381252E+03
   0.12817800000E+03  -0.36910000000E+01   5  -0.35970287E+02   0.42173956E+02   0.26257111E+04   0.23002888E+04
   0.12989650000E+03  -0.45248000000E+01   5  -0.18409195E+02   0.22277555E+02   0.13120527E+04   0.99209444E+03
   0.12711300000E+03  -0.33815000000E+01   5  -0.20381442E+01   0.54629813E+01   0.34828728E+04   0.31511437E+04
   0.12855700000E+03  -0.35430000000E+01   5  -0.10572363E+02   0.14055376E+02   0.26802684E+04   0.24580041E+04
   0.12865700000E+03  -0.35760000000E+01   5  -0.36749100E+01   0.11752931E+02   0.24418447E+04   0.20656558E+04
   0.12856200000E+03  -0.35010000000E+01   5  -0.11141314E+02   0.13275822E+02   0.32502990E+04   0.27919105E+04
   0.12880700000E+03  -0.36455000000E+01   5  -0.37920980E+02   0.41510261E+02   0.20695340E+04   0.17483514E+04
   0.12892100000E+03  -0.33380000000E+01   5   0.24171079E+01   0.28681549E+01   0.24799809E+04   0.21412812E+04
usgs_subfault.dip = 22.564500900000002
   0.12977500000E+03  -0.45175000000E+01   5  -0.11080371E+02   0.13654426E+02   0.11918274E+04   0.87187416E+03
   0.12817800000E+03  -0.36910000000E+01   5  -0.35970383E+02   0.42163222E+02   0.26262505E+04   0.22983501E+04
   0.12989650000E+03  -0.45248000000E+01   5  -0.18409238E+02   0.22288096E+02   0.13120536E+04   0.99209512E+03
   0.12711300000E+03  -0.33815000000E+01   5  -0.20381426E+01   0.54527762E+01   0.34824209E+04   0.31502719E+04
   0.12855700000E+03  -0.35430000000E+01   5  -0.10572485E+02   0.14057802E+02   0.26807373E+04   0.24580047E+04
   0.12865700000E+03  -0.35760000000E+01   5  -0.36750537E+01   0.11745964E+02   0.24418452E+04   0.20656561E+04
   0.12856200000E+03  -0.35010000000E+01   5  -0.11141428E+02   0.13287437E+02   0.32476645E+04   0.27898155E+04
   0.12880700000E+03  -0.36455000000E+01   5  -0.37921166E+02   0.41520421E+02   0.20695343E+04   0.17483529E+04
   0.12892100000E+03  -0.33380000000E+01   5   0.24169716E+01   0.28755262E+01   0.24773960E+04   0.21399888E+04
usgs_subfault.dip = 22.1176791
   0.12977500000E+03  -0.45175000000E+01   5  -0.11079973E+02   0.13660062E+02   0.11937643E+04   0.87575045E+03
   0.12817800000E+03  -0.36910000000E+01   5  -0.35970105E+02   0.42178605E+02   0.26272190E+04   0.23002880E+04
   0.12989650000E+03  -0.45248000000E+01   5  -0.18409474E+02   0.22293834E+02   0.13120510E+04   0.99403238E+03
   0.12711300000E+03  -0.33815000000E+01   5  -0.20381009E+01   0.54653221E+01   0.34831461E+04   0.31533092E+04
   0.12855700000E+03  -0.35430000000E+01   5  -0.10572117E+02   0.14060734E+02   0.26811628E+04   0.24592958E+04
   0.12865700000E+03  -0.35760000000E+01   5  -0.36746418E+01   0.11772587E+02   0.24418437E+04   0.20675945E+04
   0.12856200000E+03  -0.35010000000E+01   5  -0.11141071E+02   0.13306350E+02   0.32452090E+04   0.27938591E+04
   0.12880700000E+03  -0.36455000000E+01   5  -0.37920675E+02   0.41510537E+02   0.20714727E+04   0.17502882E+04
   0.12892100000E+03  -0.33380000000E+01   5   0.24173990E+01   0.28731220E+01   0.24806262E+04   0.21425734E+04
usgs_subfault.depth = 28000.29187611876
   0.12977500000E+03  -0.45175000000E+01   5  -0.11080200E+02   0.13657682E+02   0.11937654E+04   0.87381230E+03
   0.12817800000E+03  -0.36910000000E+01   5  -0.35970245E+02   0.42170949E+02   0.26257167E+04   0.23002886E+04
   0.12989650000E+03  -0.45248000000E+01   5  -0.18409389E+02   0.22290239E+02   0.13120523E+04   0.99403330E+03
   0.12711300000E+03  -0.33815000000E+01   5  -0.20381216E+01   0.54590022E+01   0.34830544E+04   0.31511852E+04
   0.12855700000E+03  -0.35430000000E+01   5  -0.10572303E+02   0.14055615E+02   0.26802770E+04   0.24580039E+04
   0.12865700000E+03  -0.35760000000E+01   5  -0.36748495E+01   0.11758672E+02   0.24418445E+04   0.20656557E+04
   0.12856200000E+03  -0.35010000000E+01   5  -0.11141251E+02   0.13276882E+02   0.32503393E+04   0.27919404E+04
   0.12880700000E+03  -0.36455000000E+01   5  -0.37920923E+02   0.41515679E+02   0.20714730E+04   0.17502901E+04
   0.12892100000E+03  -0.33380000000E+01   5   0.24171834E+01   0.28759638E+01   0.24786879E+04   0.21412811E+04
usgs_subfault.depth = 27999.73187588124
   0.12977500000E+03  -0.45175000000E+01   5  -0.11080197E+02   0.13657687E+02   0.11937654E+04   0.87381230E+03
   0.12817800000E+03  -0.36910000000E+01   5  -0.35970244E+02   0.42170961E+02   0.26257167E+04   0.23002886E+04
   0.12989650000E+03  -0.45248000000E+01   5  -0.18409385E+02   0.22290251E+02   0.13120523E+04   0.99403330E+03
   0.12711300000E+03  -0.33815000000E+01   5  -0.20381212E+01   0.54590083E+01   0.34830536E+04   0.31511851E+04
   0.12855700000E+03  -0.35430000000E+01   5  -0.10572302E+02   0.14055623E+02   0.26802770E+04   0.24580039E+04
   0.12865700000E+03  -0.35760000000E+01   5  -0.36748486E+01   0.11758694E+02   0.24418445E+04   0.20656557E+04
   0.12856200000E+03  -0.35010000000E+01   5  -0.11141250E+02   0.13276879E+02   0.32503392E+04   0.27919404E+04
   0.12880700000E+03  -0.36455000000E+01   5  -0.37920922E+02   0.41515683E+02   0.20714730E+04   0.17502901E+04
   0.12892100000E+03  -0.33380000000E+01   5   0.24171842E+01   0.28759567E+01   0.24786879E+04   0.21412811E+04
usgs_subfault.rake = 90.0009
   0.12977500000E+03  -0.45175000000E+01   5  -0.11080197E+02   0.13657674E+02   0.11937654E+04   0.87381230E+03
   0.12817800000E+03  -0.36910000000E+01   5  -0.35970245E+02   0.42170961E+02   0.26257167E+04   0.23002886E+04
   0.12989650000E+03  -0.45248000000E+01   5  -0.18409385E+02   0.22290228E+02   0.13120523E+04   0.99403330E+03
   0.12711300000E+03  -0.33815000000E+01   5  -0.20381214E+01   0.54590124E+01   0.34830541E+04   0.31511849E+04
   0.12855700000E+03  -0.35430000000E+01   5  -0.10572302E+02   0.14055619E+02   0.26802769E+04   0.24580039E+04
   0.12865700000E+03  -0.35760000000E+01   5  -0.36748492E+01   0.11758675E+02   0.24418445E+04   0.20656557E+04
   0.12856200000E+03  -0.35010000000E+01   5  -0.11141251E+02   0.13276877E+02   0.32503390E+04   0.27919403E+04
   0.12880700000E+03  -0.36455000000E+01   5  -0.37920922E+02   0.41515674E+02   0.20714730E+04   0.17502901E+04
   0.12892100000E+03  -0.33380000000E+01   5   0.24171837E+01   0.28759422E+01   0.24786879E+04   0.21412811E+04
usgs_subfault.rake = 89.9991
   0.12977500000E+03  -0.45175000000E+01   5  -0.11080199E+02   0.13657695E+02   0.11937654E+04   0.87381230E+03
   0.12817800000E+03  -0.36910000000E+01   5  -0.35970245E+02   0.42170949E+02   0.26257168E+04   0.23002886E+04
   0.12989650000E+03  -0.45248000000E+01   5  -0.18409388E+02   0.22290262E+02   0.13120523E+04   0.99403330E+03
   0.12711300000E+03  -0.33815000000E+01   5  -0.20381214E+01   0.54589981E+01   0.34830539E+04   0.31511854E+04
   0.12855700000E+03  -0.35430000000E+01   5  -0.10572302E+02   0.14055619E+02   0.26802770E+04   0.24580039E+04
   0.12865700000E+03  -0.35760000000E+01   5  -0.36748490E+01   0.11758691E+02   0.24418445E+04   0.20656557E+04
   0.12856200000E+03  -0.35010000000E+01   5  -0.11141250E+02   0.13276883E+02   0.32503395E+04   0.27919406E+04
   0.12880700000E+03  -0.36455000000E+01   5  -0.37920922E+02   0.41515689E+02   0.20714730E+04   0.17502901E+04
   0.12892100000E+03  -0.33380000000E+01   5   0.24171839E+01   0.28759783E+01   0.24786879E+04   0.21412811E+04
